1473.82 -0.850504 -0.525071 0.030698 0.0406757 0.525958 -0.848679 0.0557811 -0.0273346 -0.00323627 0.063588 0.997971 -0.0465391 0.0 0.0 0.0 1.0
1322.92 -0.854111 -0.442113 0.273916 0.0474495 0.425628 -0.896854 -0.120392 -0.0258963 0.298889 0.0137579 0.954189 0.0238005 0.0 0.0 0.0 1.0
997.212 -0.957956 -0.285708 0.0262957 0.0497055 0.286025 -0.958179 0.00913421 -0.0144241 0.0225863 0.0162714 0.999612 -0.0193565 0.0 0.0 0.0 1.0
997.212 0.619906 0.735314 0.273916 -0.033344 -0.73644 0.665704 -0.120392 0.0296411 -0.270873 -0.127091 0.954189 0.054001 0.0 0.0 0.0 1.0
911.594 0.261052 0.684936 -0.680231 0.00188059 0.0908168 0.684114 0.723699 -0.0170879 0.961043 -0.2507 0.116386 -0.0951158 0.0 0.0 0.0 1.0
735.975 0.891359 0.449366 -0.0595772 -0.0490711 -0.447223 0.89323 0.0461757 0.0165306 0.073966 -0.0145149 0.997155 0.0144983 0.0 0.0 0.0 1.0
506.32 -0.0663124 0.43691 -0.897057 -0.00306207 -0.384403 0.818455 0.427043 0.0120061 0.920781 0.373149 0.113676 -0.0939859 0.0 0.0 0.0 1.0
291.134 0.665461 0.732226 0.144936 -0.0362506 -0.744098 0.635406 0.206343 0.033059 0.0589963 -0.24516 0.967686 0.0507426 0.0 0.0 0.0 1.0
291.134 -0.492402 -0.868696 0.053915 0.0265909 0.869226 -0.493984 -0.0206585 -0.0416819 0.0445791 0.0366921 0.998332 -0.00399053 0.0 0.0 0.0 1.0
83.56 0.982355 0.0282252 0.184884 -0.0520285 -0.0193946 0.998591 -0.0493988 -0.00149014 -0.186018 0.0449414 0.981518 -0.0456737 0.0 0.0 0.0 1.0
25.9012 -0.978809 -0.133714 0.15509 0.0502745 0.132263 -0.991019 -0.0196844 -0.00887651 0.156329 0.00124541 0.987704 0.00284916 0.0 0.0 0.0 1.0
-1.92857 -0.895017 -0.421828 0.144936 0.0478314 0.444297 -0.871793 0.206343 -0.0255329 0.0393131 0.249075 0.967686 0.0506429 0.0 0.0 0.0 1.0
-1.92857 0.472756 0.877418 -0.0814849 -0.0321285 -0.875879 0.478032 0.06574 0.0360682 0.0966338 0.0402919 0.994504 0.00875301 0.0 0.0 0.0 1.0
-199.378 -0.994372 0.102634 0.0262957 0.0498534 -0.102427 -0.994699 0.00913421 0.00515581 0.0270938 0.00638942 0.999612 -0.0195393 0.0 0.0 0.0 1.0
-428.906 -0.955472 0.251039 0.15509 0.0427896 -0.257052 -0.966197 -0.0196844 0.00725046 0.144906 -0.058674 0.987704 0.00434586 0.0 0.0 0.0 1.0

